0000000000000000000000000
0000000000000000000000000
0000000000000000000000100
0000000000000000000001100
0000000000000000000011100
0000000000000000000111100
0000000000000000001111100
0000000000000000011111100
0000000000000000111111100
0000000000000001111111100
0000000000000011111111100
0000000000000111111111100
0000000000001111111111100
0000000000000111111111100
0000000000000011111111100
0000000000000001111111100
0000000000000000111111100
0000000000000000011111100
0000000000000000001111100
0000000000000000000111100
0000000000000000000011100
0000000000000000000001100
0000000000000000000000100
0000000000000000000000000
0000000000000000000000000