0000000000000000000000000
0000000000000000000000000
0010000000000000000000000
0011000000000000000000000
0011100000000000000000000
0011110000000000000000000
0011111000000000000000000
0011111100000000000000000
0011111110000000000000000
0011111111000000000000000
0011111111100000000000000
0011111111110000000000000
0011111111111000000000000
0011111111110000000000000
0011111111100000000000000
0011111111000000000000000
0011111110000000000000000
0011111100000000000000000
0011111000000000000000000
0011110000000000000000000
0011100000000000000000000
0011000000000000000000000
0010000000000000000000000
0000000000000000000000000
0000000000000000000000000